sfdr fdr k th h2 pnc pc nc i j maf_l maf_u
NaN NaN all 0 0.2 0.2 0.2 100 1 7 0.01 0.05
NaN NaN all 0.2 0.2 0.2 0.2 100 1 7 0.01 0.05
NaN NaN all 0.4 0.2 0.2 0.2 100 1 7 0.01 0.05
NaN NaN all 0.6 0.2 0.2 0.2 100 1 7 0.01 0.05
NaN NaN all 0.8 0.2 0.2 0.2 100 1 7 0.01 0.05
NaN NaN all 0.9 0.2 0.2 0.2 100 1 7 0.01 0.05
NaN NaN all 0 0.2 0.2 0.2 100 1 4 0.01 0.05
NaN NaN all 0.2 0.2 0.2 0.2 100 1 4 0.01 0.05
NaN NaN all 0.4 0.2 0.2 0.2 100 1 4 0.01 0.05
NaN NaN all 0.6 0.2 0.2 0.2 100 1 4 0.01 0.05
NaN NaN all 0.8 0.2 0.2 0.2 100 1 4 0.01 0.05
NaN NaN all 0.9 0.2 0.2 0.2 100 1 4 0.01 0.05
0.5 0.5 all 0 0.2 0.2 0.2 100 1 3 0.01 0.05
0.5 0.5 all 0.2 0.2 0.2 0.2 100 1 3 0.01 0.05
0.5 0.5 all 0.4 0.2 0.2 0.2 100 1 3 0.01 0.05
0.5 0.5 all 0.6 0.2 0.2 0.2 100 1 3 0.01 0.05
0.5 0.5 all 0.8 0.2 0.2 0.2 100 1 3 0.01 0.05
0 0 all 0.9 0.2 0.2 0.2 100 1 3 0.01 0.05
NaN NaN all 0 0.2 0.2 0.2 100 1 1 0.01 0.05
NaN NaN all 0.2 0.2 0.2 0.2 100 1 1 0.01 0.05
NaN NaN all 0.4 0.2 0.2 0.2 100 1 1 0.01 0.05
NaN NaN all 0.6 0.2 0.2 0.2 100 1 1 0.01 0.05
NaN NaN all 0.8 0.2 0.2 0.2 100 1 1 0.01 0.05
NaN NaN all 0.9 0.2 0.2 0.2 100 1 1 0.01 0.05
NaN NaN all 0 0.2 0.2 0.2 100 1 6 0.01 0.05
NaN NaN all 0.2 0.2 0.2 0.2 100 1 6 0.01 0.05
NaN NaN all 0.4 0.2 0.2 0.2 100 1 6 0.01 0.05
NaN NaN all 0.6 0.2 0.2 0.2 100 1 6 0.01 0.05
NaN NaN all 0.8 0.2 0.2 0.2 100 1 6 0.01 0.05
NaN NaN all 0.9 0.2 0.2 0.2 100 1 6 0.01 0.05
NaN NaN all 0 0.2 0.2 0.2 100 1 8 0.01 0.05
NaN NaN all 0.2 0.2 0.2 0.2 100 1 8 0.01 0.05
NaN NaN all 0.4 0.2 0.2 0.2 100 1 8 0.01 0.05
NaN NaN all 0.6 0.2 0.2 0.2 100 1 8 0.01 0.05
NaN NaN all 0.8 0.2 0.2 0.2 100 1 8 0.01 0.05
NaN NaN all 0.9 0.2 0.2 0.2 100 1 8 0.01 0.05
NaN NaN all 0 0.2 0.2 0.2 100 1 2 0.01 0.05
NaN NaN all 0.2 0.2 0.2 0.2 100 1 2 0.01 0.05
NaN NaN all 0.4 0.2 0.2 0.2 100 1 2 0.01 0.05
NaN NaN all 0.6 0.2 0.2 0.2 100 1 2 0.01 0.05
NaN NaN all 0.8 0.2 0.2 0.2 100 1 2 0.01 0.05
NaN NaN all 0.9 0.2 0.2 0.2 100 1 2 0.01 0.05
NaN NaN all 0 0.2 0.2 0.2 100 1 10 0.01 0.05
NaN NaN all 0.2 0.2 0.2 0.2 100 1 10 0.01 0.05
NaN NaN all 0.4 0.2 0.2 0.2 100 1 10 0.01 0.05
NaN NaN all 0.6 0.2 0.2 0.2 100 1 10 0.01 0.05
NaN NaN all 0.8 0.2 0.2 0.2 100 1 10 0.01 0.05
NaN NaN all 0.9 0.2 0.2 0.2 100 1 10 0.01 0.05
1 1 all 0 0.2 0.2 0.2 100 1 5 0.01 0.05
1 1 all 0.2 0.2 0.2 0.2 100 1 5 0.01 0.05
1 1 all 0.4 0.2 0.2 0.2 100 1 5 0.01 0.05
1 1 all 0.6 0.2 0.2 0.2 100 1 5 0.01 0.05
1 1 all 0.8 0.2 0.2 0.2 100 1 5 0.01 0.05
1 1 all 0.9 0.2 0.2 0.2 100 1 5 0.01 0.05
0.5 0.5 all 0 0.2 0.2 0.2 100 1 9 0.01 0.05
0.5 0.5 all 0.2 0.2 0.2 0.2 100 1 9 0.01 0.05
0.571428571428571 0.571428571428571 all 0.4 0.2 0.2 0.2 100 1 9 0.01 0.05
0.666666666666667 0.666666666666667 all 0.6 0.2 0.2 0.2 100 1 9 0.01 0.05
0.666666666666667 0.666666666666667 all 0.8 0.2 0.2 0.2 100 1 9 0.01 0.05
0.75 0.75 all 0.9 0.2 0.2 0.2 100 1 9 0.01 0.05
0.59349593495935 0.588709677419355 all 0 0.2 0.2 0.2 1000 1 7 0.01 0.05
0.608333333333333 0.603305785123967 all 0.2 0.2 0.2 0.2 1000 1 7 0.01 0.05
0.629310344827586 0.623931623931624 all 0.4 0.2 0.2 0.2 1000 1 7 0.01 0.05
0.688679245283019 0.682242990654206 all 0.6 0.2 0.2 0.2 1000 1 7 0.01 0.05
0.744897959183674 0.737373737373737 all 0.8 0.2 0.2 0.2 1000 1 7 0.01 0.05
0.863013698630137 0.863013698630137 all 0.9 0.2 0.2 0.2 1000 1 7 0.01 0.05
0.526881720430108 0.525773195876289 all 0 0.2 0.2 0.2 1000 1 4 0.01 0.05
0.532608695652174 0.53125 all 0.2 0.2 0.2 0.2 1000 1 4 0.01 0.05
0.569767441860465 0.566666666666667 all 0.4 0.2 0.2 0.2 1000 1 4 0.01 0.05
0.569767441860465 0.566666666666667 all 0.6 0.2 0.2 0.2 1000 1 4 0.01 0.05
0.597560975609756 0.593023255813954 all 0.8 0.2 0.2 0.2 1000 1 4 0.01 0.05
0.714285714285714 0.705882352941177 all 0.9 0.2 0.2 0.2 1000 1 4 0.01 0.05
NaN NaN all 0 0.2 0.2 0.2 1000 1 3 0.01 0.05
NaN NaN all 0.2 0.2 0.2 0.2 1000 1 3 0.01 0.05
NaN NaN all 0.4 0.2 0.2 0.2 1000 1 3 0.01 0.05
NaN NaN all 0.6 0.2 0.2 0.2 1000 1 3 0.01 0.05
NaN NaN all 0.8 0.2 0.2 0.2 1000 1 3 0.01 0.05
NaN NaN all 0.9 0.2 0.2 0.2 1000 1 3 0.01 0.05
0.561946902654867 0.561946902654867 all 0 0.2 0.2 0.2 1000 1 1 0.01 0.05
0.585253456221198 0.585253456221198 all 0.2 0.2 0.2 0.2 1000 1 1 0.01 0.05
0.628712871287129 0.628712871287129 all 0.4 0.2 0.2 0.2 1000 1 1 0.01 0.05
0.651282051282051 0.651282051282051 all 0.6 0.2 0.2 0.2 1000 1 1 0.01 0.05
0.679144385026738 0.679144385026738 all 0.8 0.2 0.2 0.2 1000 1 1 0.01 0.05
0.881889763779528 0.881889763779528 all 0.9 0.2 0.2 0.2 1000 1 1 0.01 0.05
0.556521739130435 0.554585152838428 all 0 0.2 0.2 0.2 1000 1 6 0.01 0.05
0.595348837209302 0.593457943925234 all 0.2 0.2 0.2 0.2 1000 1 6 0.01 0.05
0.598130841121495 0.596244131455399 all 0.4 0.2 0.2 0.2 1000 1 6 0.01 0.05
0.61244019138756 0.610576923076923 all 0.6 0.2 0.2 0.2 1000 1 6 0.01 0.05
0.64 0.638190954773869 all 0.8 0.2 0.2 0.2 1000 1 6 0.01 0.05
0.828125 0.826771653543307 all 0.9 0.2 0.2 0.2 1000 1 6 0.01 0.05
0.526315789473684 0.526717557251908 all 0 0.2 0.2 0.2 1000 1 5 0.01 0.05
0.542635658914729 0.543307086614173 all 0.2 0.2 0.2 0.2 1000 1 5 0.01 0.05
0.56 0.556451612903226 all 0.4 0.2 0.2 0.2 1000 1 5 0.01 0.05
0.578512396694215 0.575 all 0.6 0.2 0.2 0.2 1000 1 5 0.01 0.05
0.614035087719298 0.610619469026549 all 0.8 0.2 0.2 0.2 1000 1 5 0.01 0.05
0.785714285714286 0.782608695652174 all 0.9 0.2 0.2 0.2 1000 1 5 0.01 0.05
0.535211267605634 0.539473684210526 all 0 0.2 0.2 0.2 1000 1 8 0.01 0.05
0.567164179104478 0.569444444444444 all 0.2 0.2 0.2 0.2 1000 1 8 0.01 0.05
0.584615384615385 0.585714285714286 all 0.4 0.2 0.2 0.2 1000 1 8 0.01 0.05
0.612903225806452 0.630769230769231 all 0.6 0.2 0.2 0.2 1000 1 8 0.01 0.05
0.666666666666667 0.683333333333333 all 0.8 0.2 0.2 0.2 1000 1 8 0.01 0.05
0.763157894736842 0.780487804878049 all 0.9 0.2 0.2 0.2 1000 1 8 0.01 0.05
0.5 0.5 all 0 0.2 0.2 0.2 1000 1 2 0.01 0.05
0.5 0.5 all 0.2 0.2 0.2 0.2 1000 1 2 0.01 0.05
0.625 0.625 all 0.4 0.2 0.2 0.2 1000 1 2 0.01 0.05
0.833333333333333 0.833333333333333 all 0.6 0.2 0.2 0.2 1000 1 2 0.01 0.05
0.833333333333333 0.833333333333333 all 0.8 0.2 0.2 0.2 1000 1 2 0.01 0.05
0.8 0.8 all 0.9 0.2 0.2 0.2 1000 1 2 0.01 0.05
0.508474576271186 0.516666666666667 all 0 0.2 0.2 0.2 1000 1 9 0.01 0.05
0.508474576271186 0.516666666666667 all 0.2 0.2 0.2 0.2 1000 1 9 0.01 0.05
0.508474576271186 0.516666666666667 all 0.4 0.2 0.2 0.2 1000 1 9 0.01 0.05
0.535714285714286 0.543859649122807 all 0.6 0.2 0.2 0.2 1000 1 9 0.01 0.05
0.588235294117647 0.596153846153846 all 0.8 0.2 0.2 0.2 1000 1 9 0.01 0.05
0.633333333333333 0.67741935483871 all 0.9 0.2 0.2 0.2 1000 1 9 0.01 0.05
0.566265060240964 0.566265060240964 all 0 0.2 0.2 0.2 1000 1 10 0.01 0.05
0.580246913580247 0.580246913580247 all 0.2 0.2 0.2 0.2 1000 1 10 0.01 0.05
0.594936708860759 0.594936708860759 all 0.4 0.2 0.2 0.2 1000 1 10 0.01 0.05
0.661971830985915 0.661971830985915 all 0.6 0.2 0.2 0.2 1000 1 10 0.01 0.05
0.691176470588235 0.691176470588235 all 0.8 0.2 0.2 0.2 1000 1 10 0.01 0.05
0.787234042553192 0.787234042553192 all 0.9 0.2 0.2 0.2 1000 1 10 0.01 0.05
0.587002096436059 0.586895585143658 all 0 0.2 0.2 0.2 5000 1 7 0.01 0.05
0.623608017817372 0.623603871928518 all 0.2 0.2 0.2 0.2 5000 1 7 0.01 0.05
0.648648648648649 0.64872192099148 all 0.4 0.2 0.2 0.2 5000 1 7 0.01 0.05
0.668523676880223 0.668662674650699 all 0.6 0.2 0.2 0.2 5000 1 7 0.01 0.05
0.679062247372676 0.679237631792376 all 0.8 0.2 0.2 0.2 5000 1 7 0.01 0.05
0.676785714285714 0.676417910447761 all 0.9 0.2 0.2 0.2 5000 1 7 0.01 0.05
0.689026430244229 0.688963210702341 all 0 0.2 0.2 0.2 5000 1 4 0.01 0.05
0.728510788822073 0.728558797524315 all 0.2 0.2 0.2 0.2 5000 1 4 0.01 0.05
0.752603690845971 0.752786405993057 all 0.4 0.2 0.2 0.2 5000 1 4 0.01 0.05
0.777169811320755 0.777211846821354 all 0.6 0.2 0.2 0.2 5000 1 4 0.01 0.05
0.787421143184859 0.787311293712975 all 0.8 0.2 0.2 0.2 5000 1 4 0.01 0.05
0.808691429958728 0.808495145631068 all 0.9 0.2 0.2 0.2 5000 1 4 0.01 0.05
0.826598636922275 0.826467195117413 all 0 0.2 0.2 0.2 5000 1 3 0.01 0.05
0.868247075851817 0.86821220532468 all 0.2 0.2 0.2 0.2 5000 1 3 0.01 0.05
0.888831044011053 0.888746598367216 all 0.4 0.2 0.2 0.2 5000 1 3 0.01 0.05
0.902052428368218 0.901994232565696 all 0.6 0.2 0.2 0.2 5000 1 3 0.01 0.05
0.910825673013789 0.910761154855643 all 0.8 0.2 0.2 0.2 5000 1 3 0.01 0.05
0.932462266276188 0.93241174351585 all 0.9 0.2 0.2 0.2 5000 1 3 0.01 0.05
0.641743844590016 0.642131406638067 all 0 0.2 0.2 0.2 5000 1 1 0.01 0.05
0.674341324471873 0.674733096085409 all 0.2 0.2 0.2 0.2 5000 1 1 0.01 0.05
0.699409158050222 0.699803149606299 all 0.4 0.2 0.2 0.2 5000 1 1 0.01 0.05
0.722165734621251 0.722560975609756 all 0.6 0.2 0.2 0.2 5000 1 1 0.01 0.05
0.737156201349248 0.737551867219917 all 0.8 0.2 0.2 0.2 5000 1 1 0.01 0.05
0.762759591693066 0.763009845288326 all 0.9 0.2 0.2 0.2 5000 1 1 0.01 0.05
0.570149253731343 0.570160608622147 all 0 0.2 0.2 0.2 5000 1 6 0.01 0.05
0.614147909967846 0.61485870556062 all 0.2 0.2 0.2 0.2 5000 1 6 0.01 0.05
0.640939597315436 0.641769743101808 all 0.4 0.2 0.2 0.2 5000 1 6 0.01 0.05
0.678335870116692 0.679254783484391 all 0.6 0.2 0.2 0.2 5000 1 6 0.01 0.05
0.687403598971722 0.687914329423763 all 0.8 0.2 0.2 0.2 5000 1 6 0.01 0.05
0.674644727000748 0.676056338028169 all 0.9 0.2 0.2 0.2 5000 1 6 0.01 0.05
0.586258625862586 0.586558655865587 all 0 0.2 0.2 0.2 5000 1 8 0.01 0.05
0.613500784929356 0.6138147566719 all 0.2 0.2 0.2 0.2 5000 1 8 0.01 0.05
0.635860722421087 0.63597918022121 all 0.4 0.2 0.2 0.2 5000 1 8 0.01 0.05
0.6614759647935 0.661366711772666 all 0.6 0.2 0.2 0.2 5000 1 8 0.01 0.05
0.676827156217527 0.676704742125303 all 0.8 0.2 0.2 0.2 5000 1 8 0.01 0.05
0.679119754350051 0.679795396419437 all 0.9 0.2 0.2 0.2 5000 1 8 0.01 0.05
0.747891699955615 0.748072662826761 all 0 0.2 0.2 0.2 5000 1 10 0.01 0.05
0.788414748268763 0.788603456328818 all 0.2 0.2 0.2 0.2 5000 1 10 0.01 0.05
0.807069642686081 0.807228915662651 all 0.4 0.2 0.2 0.2 5000 1 10 0.01 0.05
0.828824397442204 0.829110194460813 all 0.6 0.2 0.2 0.2 5000 1 10 0.01 0.05
0.838391879789034 0.838664812239221 all 0.8 0.2 0.2 0.2 5000 1 10 0.01 0.05
0.864807121661721 0.865079365079365 all 0.9 0.2 0.2 0.2 5000 1 10 0.01 0.05
0.692295214922952 0.692207792207792 all 0 0.2 0.2 0.2 5000 1 5 0.01 0.05
0.732703862660944 0.732646048109966 all 0.2 0.2 0.2 0.2 5000 1 5 0.01 0.05
0.757006030507272 0.756967867921179 all 0.4 0.2 0.2 0.2 5000 1 5 0.01 0.05
0.780255941499086 0.780237877401647 all 0.6 0.2 0.2 0.2 5000 1 5 0.01 0.05
0.789493155752867 0.789483428994631 all 0.8 0.2 0.2 0.2 5000 1 5 0.01 0.05
0.813495782567948 0.813555347091932 all 0.9 0.2 0.2 0.2 5000 1 5 0.01 0.05
0.82680156762377 0.826628849918108 all 0 0.2 0.2 0.2 5000 1 2 0.01 0.05
0.864628638340582 0.86436925647452 all 0.2 0.2 0.2 0.2 5000 1 2 0.01 0.05
0.883169585647159 0.882882498506699 all 0.4 0.2 0.2 0.2 5000 1 2 0.01 0.05
0.899617091636933 0.899343735060194 all 0.6 0.2 0.2 0.2 5000 1 2 0.01 0.05
0.90675847550546 0.906474504993867 all 0.8 0.2 0.2 0.2 5000 1 2 0.01 0.05
0.928512696493349 0.928526554873629 all 0.9 0.2 0.2 0.2 5000 1 2 0.01 0.05
0.757282415630551 0.757236725270822 all 0 0.2 0.2 0.2 5000 1 9 0.01 0.05
0.80125916181169 0.801277835196843 all 0.2 0.2 0.2 0.2 5000 1 9 0.01 0.05
0.825859564164649 0.825876428433082 all 0.4 0.2 0.2 0.2 5000 1 9 0.01 0.05
0.845345494200456 0.845360824742268 all 0.6 0.2 0.2 0.2 5000 1 9 0.01 0.05
0.856640546513964 0.856654947262682 all 0.8 0.2 0.2 0.2 5000 1 9 0.01 0.05
0.881200891286502 0.881214821763602 all 0.9 0.2 0.2 0.2 5000 1 9 0.01 0.05
1 1 all 0 0.2 0.5 0.2 100 1 7 0.01 0.05
1 1 all 0.2 0.2 0.5 0.2 100 1 7 0.01 0.05
1 1 all 0.4 0.2 0.5 0.2 100 1 7 0.01 0.05
1 1 all 0.6 0.2 0.5 0.2 100 1 7 0.01 0.05
1 1 all 0.8 0.2 0.5 0.2 100 1 7 0.01 0.05
1 1 all 0.9 0.2 0.5 0.2 100 1 7 0.01 0.05
NaN NaN all 0 0.2 0.5 0.2 100 1 4 0.01 0.05
NaN NaN all 0.2 0.2 0.5 0.2 100 1 4 0.01 0.05
NaN NaN all 0.4 0.2 0.5 0.2 100 1 4 0.01 0.05
NaN NaN all 0.6 0.2 0.5 0.2 100 1 4 0.01 0.05
NaN NaN all 0.8 0.2 0.5 0.2 100 1 4 0.01 0.05
NaN NaN all 0.9 0.2 0.5 0.2 100 1 4 0.01 0.05
NaN NaN all 0 0.2 0.5 0.2 100 1 3 0.01 0.05
NaN NaN all 0.2 0.2 0.5 0.2 100 1 3 0.01 0.05
NaN NaN all 0.4 0.2 0.5 0.2 100 1 3 0.01 0.05
NaN NaN all 0.6 0.2 0.5 0.2 100 1 3 0.01 0.05
NaN NaN all 0.8 0.2 0.5 0.2 100 1 3 0.01 0.05
NaN NaN all 0.9 0.2 0.5 0.2 100 1 3 0.01 0.05
NaN NaN all 0 0.2 0.5 0.2 100 1 1 0.01 0.05
NaN NaN all 0.2 0.2 0.5 0.2 100 1 1 0.01 0.05
NaN NaN all 0.4 0.2 0.5 0.2 100 1 1 0.01 0.05
NaN NaN all 0.6 0.2 0.5 0.2 100 1 1 0.01 0.05
NaN NaN all 0.8 0.2 0.5 0.2 100 1 1 0.01 0.05
NaN NaN all 0.9 0.2 0.5 0.2 100 1 1 0.01 0.05
0.5 0.5 all 0 0.2 0.5 0.2 100 1 6 0.01 0.05
0.5 0.5 all 0.2 0.2 0.5 0.2 100 1 6 0.01 0.05
0.5 0.5 all 0.4 0.2 0.5 0.2 100 1 6 0.01 0.05
0.5 0.5 all 0.6 0.2 0.5 0.2 100 1 6 0.01 0.05
0.5 0.5 all 0.8 0.2 0.5 0.2 100 1 6 0.01 0.05
0.714285714285714 0.714285714285714 all 0.9 0.2 0.5 0.2 100 1 6 0.01 0.05
NaN NaN all 0 0.2 0.5 0.2 100 1 8 0.01 0.05
NaN NaN all 0.2 0.2 0.5 0.2 100 1 8 0.01 0.05
NaN NaN all 0.4 0.2 0.5 0.2 100 1 8 0.01 0.05
NaN NaN all 0.6 0.2 0.5 0.2 100 1 8 0.01 0.05
NaN NaN all 0.8 0.2 0.5 0.2 100 1 8 0.01 0.05
NaN NaN all 0.9 0.2 0.5 0.2 100 1 8 0.01 0.05
NaN NaN all 0 0.2 0.5 0.2 100 1 2 0.01 0.05
NaN NaN all 0.2 0.2 0.5 0.2 100 1 2 0.01 0.05
NaN NaN all 0.4 0.2 0.5 0.2 100 1 2 0.01 0.05
NaN NaN all 0.6 0.2 0.5 0.2 100 1 2 0.01 0.05
NaN NaN all 0.8 0.2 0.5 0.2 100 1 2 0.01 0.05
NaN NaN all 0.9 0.2 0.5 0.2 100 1 2 0.01 0.05
NaN NaN all 0 0.2 0.5 0.2 100 1 9 0.01 0.05
NaN NaN all 0.2 0.2 0.5 0.2 100 1 9 0.01 0.05
NaN NaN all 0.4 0.2 0.5 0.2 100 1 9 0.01 0.05
NaN NaN all 0.6 0.2 0.5 0.2 100 1 9 0.01 0.05
NaN NaN all 0.8 0.2 0.5 0.2 100 1 9 0.01 0.05
NaN NaN all 0.9 0.2 0.5 0.2 100 1 9 0.01 0.05
1 1 all 0 0.2 0.5 0.2 100 1 5 0.01 0.05
1 1 all 0.2 0.2 0.5 0.2 100 1 5 0.01 0.05
1 1 all 0.4 0.2 0.5 0.2 100 1 5 0.01 0.05
1 1 all 0.6 0.2 0.5 0.2 100 1 5 0.01 0.05
1 1 all 0.8 0.2 0.5 0.2 100 1 5 0.01 0.05
1 1 all 0.9 0.2 0.5 0.2 100 1 5 0.01 0.05
0.5 0.5 all 0 0.2 0.5 0.2 100 1 10 0.01 0.05
0.590909090909091 0.5 all 0.2 0.2 0.5 0.2 100 1 10 0.01 0.05
0.590909090909091 0.5 all 0.4 0.2 0.5 0.2 100 1 10 0.01 0.05
0.590909090909091 0.5 all 0.6 0.2 0.5 0.2 100 1 10 0.01 0.05
0.619047619047619 0.529411764705882 all 0.8 0.2 0.5 0.2 100 1 10 0.01 0.05
0.923076923076923 0.888888888888889 all 0.9 0.2 0.5 0.2 100 1 10 0.01 0.05
0.506024096385542 0.506024096385542 all 0 0.2 0.5 0.2 1000 1 7 0.01 0.05
0.51219512195122 0.51219512195122 all 0.2 0.2 0.5 0.2 1000 1 7 0.01 0.05
0.51219512195122 0.51219512195122 all 0.4 0.2 0.5 0.2 1000 1 7 0.01 0.05
0.538461538461538 0.538461538461538 all 0.6 0.2 0.5 0.2 1000 1 7 0.01 0.05
0.545454545454545 0.545454545454545 all 0.8 0.2 0.5 0.2 1000 1 7 0.01 0.05
0.833333333333333 0.833333333333333 all 0.9 0.2 0.5 0.2 1000 1 7 0.01 0.05
0.547619047619048 0.559701492537313 all 0 0.2 0.5 0.2 1000 1 4 0.01 0.05
0.579831932773109 0.6 all 0.2 0.2 0.5 0.2 1000 1 4 0.01 0.05
0.616071428571429 0.635593220338983 all 0.4 0.2 0.5 0.2 1000 1 4 0.01 0.05
0.669902912621359 0.688073394495413 all 0.6 0.2 0.5 0.2 1000 1 4 0.01 0.05
0.711340206185567 0.735294117647059 all 0.8 0.2 0.5 0.2 1000 1 4 0.01 0.05
0.811594202898551 0.84 all 0.9 0.2 0.5 0.2 1000 1 4 0.01 0.05
0.554913294797688 0.554913294797688 all 0 0.2 0.5 0.2 1000 1 3 0.01 0.05
0.564705882352941 0.564705882352941 all 0.2 0.2 0.5 0.2 1000 1 3 0.01 0.05
0.588957055214724 0.588957055214724 all 0.4 0.2 0.5 0.2 1000 1 3 0.01 0.05
0.633663366336634 0.633663366336634 all 0.6 0.2 0.5 0.2 1000 1 3 0.01 0.05
0.676056338028169 0.676056338028169 all 0.8 0.2 0.5 0.2 1000 1 3 0.01 0.05
0.875 0.875 all 0.9 0.2 0.5 0.2 1000 1 3 0.01 0.05
0.529411764705882 0.53030303030303 all 0 0.2 0.5 0.2 1000 1 1 0.01 0.05
0.543956043956044 0.544041450777202 all 0.2 0.2 0.5 0.2 1000 1 1 0.01 0.05
0.575581395348837 0.573770491803279 all 0.4 0.2 0.5 0.2 1000 1 1 0.01 0.05
0.607361963190184 0.603448275862069 all 0.6 0.2 0.5 0.2 1000 1 1 0.01 0.05
0.647058823529412 0.644171779141104 all 0.8 0.2 0.5 0.2 1000 1 1 0.01 0.05
0.767676767676768 0.780952380952381 all 0.9 0.2 0.5 0.2 1000 1 1 0.01 0.05
0.512820512820513 0.509933774834437 all 0 0.2 0.5 0.2 1000 1 8 0.01 0.05
0.547945205479452 0.546099290780142 all 0.2 0.2 0.5 0.2 1000 1 8 0.01 0.05
0.551724137931034 0.55 all 0.4 0.2 0.5 0.2 1000 1 8 0.01 0.05
0.610687022900763 0.611111111111111 all 0.6 0.2 0.5 0.2 1000 1 8 0.01 0.05
0.666666666666667 0.669565217391304 all 0.8 0.2 0.5 0.2 1000 1 8 0.01 0.05
0.825 0.831168831168831 all 0.9 0.2 0.5 0.2 1000 1 8 0.01 0.05
0.574525745257453 0.576086956521739 all 0 0.2 0.5 0.2 1000 1 6 0.01 0.05
0.580821917808219 0.582417582417582 all 0.2 0.2 0.5 0.2 1000 1 6 0.01 0.05
0.60056657223796 0.603988603988604 all 0.4 0.2 0.5 0.2 1000 1 6 0.01 0.05
0.636636636636637 0.636636636636637 all 0.6 0.2 0.5 0.2 1000 1 6 0.01 0.05
0.668769716088328 0.668769716088328 all 0.8 0.2 0.5 0.2 1000 1 6 0.01 0.05
0.867924528301887 0.863207547169811 all 0.9 0.2 0.5 0.2 1000 1 6 0.01 0.05
0.504201680672269 0.504273504273504 all 0 0.2 0.5 0.2 1000 1 9 0.01 0.05
0.504201680672269 0.504273504273504 all 0.2 0.2 0.5 0.2 1000 1 9 0.01 0.05
0.526315789473684 0.526785714285714 all 0.4 0.2 0.5 0.2 1000 1 9 0.01 0.05
0.588235294117647 0.584158415841584 all 0.6 0.2 0.5 0.2 1000 1 9 0.01 0.05
0.618556701030928 0.614583333333333 all 0.8 0.2 0.5 0.2 1000 1 9 0.01 0.05
0.833333333333333 0.830508474576271 all 0.9 0.2 0.5 0.2 1000 1 9 0.01 0.05
0.507936507936508 0.511811023622047 all 0 0.2 0.5 0.2 1000 1 2 0.01 0.05
0.507936507936508 0.511811023622047 all 0.2 0.2 0.5 0.2 1000 1 2 0.01 0.05
0.547008547008547 0.555555555555556 all 0.4 0.2 0.5 0.2 1000 1 2 0.01 0.05
0.571428571428571 0.580357142857143 all 0.6 0.2 0.5 0.2 1000 1 2 0.01 0.05
0.598130841121495 0.601851851851852 all 0.8 0.2 0.5 0.2 1000 1 2 0.01 0.05
0.671875 0.676923076923077 all 0.9 0.2 0.5 0.2 1000 1 2 0.01 0.05
0.542857142857143 0.525 all 0 0.2 0.5 0.2 1000 1 5 0.01 0.05
0.542857142857143 0.525 all 0.2 0.2 0.5 0.2 1000 1 5 0.01 0.05
0.550724637681159 0.525 all 0.4 0.2 0.5 0.2 1000 1 5 0.01 0.05
0.575757575757576 0.567567567567568 all 0.6 0.2 0.5 0.2 1000 1 5 0.01 0.05
0.603174603174603 0.583333333333333 all 0.8 0.2 0.5 0.2 1000 1 5 0.01 0.05
0.789473684210526 0.857142857142857 all 0.9 0.2 0.5 0.2 1000 1 5 0.01 0.05
0.5 0.5 all 0 0.2 0.5 0.2 1000 1 10 0.01 0.05
0.5 0.5 all 0.2 0.2 0.5 0.2 1000 1 10 0.01 0.05
0.5 0.5 all 0.4 0.2 0.5 0.2 1000 1 10 0.01 0.05
0.5 0.5 all 0.6 0.2 0.5 0.2 1000 1 10 0.01 0.05
0.5 0.5 all 0.8 0.2 0.5 0.2 1000 1 10 0.01 0.05
0 0 all 0.9 0.2 0.5 0.2 1000 1 10 0.01 0.05
0.559092891408635 0.562720848056537 all 0 0.2 0.5 0.2 5000 1 7 0.01 0.05
0.589967786470318 0.594216417910448 all 0.2 0.2 0.5 0.2 5000 1 7 0.01 0.05
0.618427399903521 0.624203821656051 all 0.4 0.2 0.5 0.2 5000 1 7 0.01 0.05
0.64977192093259 0.654340010272214 all 0.6 0.2 0.5 0.2 5000 1 7 0.01 0.05
0.663561076604555 0.667015706806283 all 0.8 0.2 0.5 0.2 5000 1 7 0.01 0.05
0.645085803432137 0.653061224489796 all 0.9 0.2 0.5 0.2 5000 1 7 0.01 0.05
0.569092657903174 0.570019096117123 all 0 0.2 0.5 0.2 5000 1 8 0.01 0.05
0.59824738793394 0.600402279584311 all 0.2 0.2 0.5 0.2 5000 1 8 0.01 0.05
0.622370266479663 0.625349162011173 all 0.4 0.2 0.5 0.2 5000 1 8 0.01 0.05
0.651376146788991 0.654366094263792 all 0.6 0.2 0.5 0.2 5000 1 8 0.01 0.05
0.666291291291291 0.669532710280374 all 0.8 0.2 0.5 0.2 5000 1 8 0.01 0.05
0.659154929577465 0.670016750418761 all 0.9 0.2 0.5 0.2 5000 1 8 0.01 0.05
0.64694518232311 0.649585163494388 all 0 0.2 0.5 0.2 5000 1 4 0.01 0.05
0.685692347069363 0.688033083484104 all 0.2 0.2 0.5 0.2 5000 1 4 0.01 0.05
0.709668874172185 0.712526766595289 all 0.4 0.2 0.5 0.2 5000 1 4 0.01 0.05
0.729178007621121 0.731117824773414 all 0.6 0.2 0.5 0.2 5000 1 4 0.01 0.05
0.740669062759193 0.742952832821658 all 0.8 0.2 0.5 0.2 5000 1 4 0.01 0.05
0.752892870474058 0.758827948910594 all 0.9 0.2 0.5 0.2 5000 1 4 0.01 0.05
0.639478764478765 0.638963578587142 all 0 0.2 0.5 0.2 5000 1 6 0.01 0.05
0.668348045397226 0.667858967807869 all 0.2 0.2 0.5 0.2 5000 1 6 0.01 0.05
0.697735650342285 0.6974386339381 all 0.4 0.2 0.5 0.2 5000 1 6 0.01 0.05
0.723845943731221 0.723098201936376 all 0.6 0.2 0.5 0.2 5000 1 6 0.01 0.05
0.736520289049472 0.735923423423423 all 0.8 0.2 0.5 0.2 5000 1 6 0.01 0.05
0.754716981132076 0.75478194338179 all 0.9 0.2 0.5 0.2 5000 1 6 0.01 0.05
0.821601043392435 0.821589946342841 all 0 0.2 0.5 0.2 5000 1 3 0.01 0.05
0.866082045184304 0.866234926306387 all 0.2 0.2 0.5 0.2 5000 1 3 0.01 0.05
0.887315364702299 0.887439945092656 all 0.4 0.2 0.5 0.2 5000 1 3 0.01 0.05
0.901977477651794 0.902058059765125 all 0.6 0.2 0.5 0.2 5000 1 3 0.01 0.05
0.907773796541517 0.907863941332501 all 0.8 0.2 0.5 0.2 5000 1 3 0.01 0.05
0.927449802642869 0.92760161553665 all 0.9 0.2 0.5 0.2 5000 1 3 0.01 0.05
0.684354205766934 0.685077186963979 all 0 0.2 0.5 0.2 5000 1 1 0.01 0.05
0.724792193711601 0.726313875250045 all 0.2 0.2 0.5 0.2 5000 1 1 0.01 0.05
0.750701852891634 0.752590917655926 all 0.4 0.2 0.5 0.2 5000 1 1 0.01 0.05
0.776873910517141 0.778709300058491 all 0.6 0.2 0.5 0.2 5000 1 1 0.01 0.05
0.786779129070224 0.78886035947067 all 0.8 0.2 0.5 0.2 5000 1 1 0.01 0.05
0.81226626776365 0.815723585378067 all 0.9 0.2 0.5 0.2 5000 1 1 0.01 0.05
0.763088205337136 0.763320815995128 all 0 0.2 0.5 0.2 5000 1 9 0.01 0.05
0.799146666666667 0.799341056435328 all 0.2 0.2 0.5 0.2 5000 1 9 0.01 0.05
0.820142309797482 0.820263932817101 all 0.4 0.2 0.5 0.2 5000 1 9 0.01 0.05
0.837750195683775 0.838087809226655 all 0.6 0.2 0.5 0.2 5000 1 9 0.01 0.05
0.846840736972985 0.847150259067358 all 0.8 0.2 0.5 0.2 5000 1 9 0.01 0.05
0.876001067805659 0.876612152639277 all 0.9 0.2 0.5 0.2 5000 1 9 0.01 0.05
0.819422672529153 0.819405667954259 all 0 0.2 0.5 0.2 5000 1 2 0.01 0.05
0.863462390717538 0.863423873619731 all 0.2 0.2 0.5 0.2 5000 1 2 0.01 0.05
0.885290594407039 0.885257416742418 all 0.4 0.2 0.5 0.2 5000 1 2 0.01 0.05
0.900769133778842 0.900739931051879 all 0.6 0.2 0.5 0.2 5000 1 2 0.01 0.05
0.908713165147339 0.908686063279328 all 0.8 0.2 0.5 0.2 5000 1 2 0.01 0.05
0.930524449421426 0.930501750291715 all 0.9 0.2 0.5 0.2 5000 1 2 0.01 0.05
0.6133365901319 0.61378126532614 all 0 0.2 0.5 0.2 5000 1 5 0.01 0.05
0.642199488491049 0.643279362631714 all 0.2 0.2 0.5 0.2 5000 1 5 0.01 0.05
0.670673076923077 0.672126745435016 all 0.4 0.2 0.5 0.2 5000 1 5 0.01 0.05
0.701396648044693 0.703089887640449 all 0.6 0.2 0.5 0.2 5000 1 5 0.01 0.05
0.713352272727273 0.715551743853631 all 0.8 0.2 0.5 0.2 5000 1 5 0.01 0.05
0.729589804858622 0.733120255693168 all 0.9 0.2 0.5 0.2 5000 1 5 0.01 0.05
0.706884110261221 0.708793573375412 all 0 0.2 0.5 0.2 5000 1 10 0.01 0.05
0.74369875493471 0.746374622356495 all 0.2 0.2 0.5 0.2 5000 1 10 0.01 0.05
0.770974342830159 0.773844949099452 all 0.4 0.2 0.5 0.2 5000 1 10 0.01 0.05
0.792556634304207 0.79539600772698 all 0.6 0.2 0.5 0.2 5000 1 10 0.01 0.05
0.804269293924466 0.807221042313347 all 0.8 0.2 0.5 0.2 5000 1 10 0.01 0.05
0.838505512454063 0.841934831005869 all 0.9 0.2 0.5 0.2 5000 1 10 0.01 0.05
1 1 all 0 0.2 0.8 0.2 100 1 7 0.01 0.05
1 1 all 0.2 0.2 0.8 0.2 100 1 7 0.01 0.05
1 1 all 0.4 0.2 0.8 0.2 100 1 7 0.01 0.05
1 1 all 0.6 0.2 0.8 0.2 100 1 7 0.01 0.05
1 1 all 0.8 0.2 0.8 0.2 100 1 7 0.01 0.05
1 1 all 0.9 0.2 0.8 0.2 100 1 7 0.01 0.05
0.51685393258427 0.511363636363636 all 0 0.2 0.8 0.2 100 1 8 0.01 0.05
0.582278481012658 0.576923076923077 all 0.2 0.2 0.8 0.2 100 1 8 0.01 0.05
0.666666666666667 0.661764705882353 all 0.4 0.2 0.8 0.2 100 1 8 0.01 0.05
0.666666666666667 0.661764705882353 all 0.6 0.2 0.8 0.2 100 1 8 0.01 0.05
0.793103448275862 0.789473684210526 all 0.8 0.2 0.8 0.2 100 1 8 0.01 0.05
0.956521739130435 0.955555555555556 all 0.9 0.2 0.8 0.2 100 1 8 0.01 0.05
0.75 1 all 0 0.2 0.8 0.2 100 1 4 0.01 0.05
0.75 1 all 0.2 0.2 0.8 0.2 100 1 4 0.01 0.05
0.75 1 all 0.4 0.2 0.8 0.2 100 1 4 0.01 0.05
0.75 1 all 0.6 0.2 0.8 0.2 100 1 4 0.01 0.05
0.75 1 all 0.8 0.2 0.8 0.2 100 1 4 0.01 0.05
0.666666666666667 1 all 0.9 0.2 0.8 0.2 100 1 4 0.01 0.05
NaN NaN all 0 0.2 0.8 0.2 100 1 6 0.01 0.05
NaN NaN all 0.2 0.2 0.8 0.2 100 1 6 0.01 0.05
NaN NaN all 0.4 0.2 0.8 0.2 100 1 6 0.01 0.05
NaN NaN all 0.6 0.2 0.8 0.2 100 1 6 0.01 0.05
NaN NaN all 0.8 0.2 0.8 0.2 100 1 6 0.01 0.05
NaN NaN all 0.9 0.2 0.8 0.2 100 1 6 0.01 0.05
NaN NaN all 0 0.2 0.8 0.2 100 1 3 0.01 0.05
NaN NaN all 0.2 0.2 0.8 0.2 100 1 3 0.01 0.05
NaN NaN all 0.4 0.2 0.8 0.2 100 1 3 0.01 0.05
NaN NaN all 0.6 0.2 0.8 0.2 100 1 3 0.01 0.05
NaN NaN all 0.8 0.2 0.8 0.2 100 1 3 0.01 0.05
NaN NaN all 0.9 0.2 0.8 0.2 100 1 3 0.01 0.05
NaN NaN all 0 0.2 0.8 0.2 100 1 1 0.01 0.05
NaN NaN all 0.2 0.2 0.8 0.2 100 1 1 0.01 0.05
NaN NaN all 0.4 0.2 0.8 0.2 100 1 1 0.01 0.05
NaN NaN all 0.6 0.2 0.8 0.2 100 1 1 0.01 0.05
NaN NaN all 0.8 0.2 0.8 0.2 100 1 1 0.01 0.05
NaN NaN all 0.9 0.2 0.8 0.2 100 1 1 0.01 0.05
NaN NaN all 0 0.2 0.8 0.2 100 1 9 0.01 0.05
NaN NaN all 0.2 0.2 0.8 0.2 100 1 9 0.01 0.05
NaN NaN all 0.4 0.2 0.8 0.2 100 1 9 0.01 0.05
NaN NaN all 0.6 0.2 0.8 0.2 100 1 9 0.01 0.05
NaN NaN all 0.8 0.2 0.8 0.2 100 1 9 0.01 0.05
NaN NaN all 0.9 0.2 0.8 0.2 100 1 9 0.01 0.05
NaN NaN all 0 0.2 0.8 0.2 100 1 2 0.01 0.05
NaN NaN all 0.2 0.2 0.8 0.2 100 1 2 0.01 0.05
NaN NaN all 0.4 0.2 0.8 0.2 100 1 2 0.01 0.05
NaN NaN all 0.6 0.2 0.8 0.2 100 1 2 0.01 0.05
NaN NaN all 0.8 0.2 0.8 0.2 100 1 2 0.01 0.05
NaN NaN all 0.9 0.2 0.8 0.2 100 1 2 0.01 0.05
NaN NaN all 0 0.2 0.8 0.2 100 1 5 0.01 0.05
NaN NaN all 0.2 0.2 0.8 0.2 100 1 5 0.01 0.05
NaN NaN all 0.4 0.2 0.8 0.2 100 1 5 0.01 0.05
NaN NaN all 0.6 0.2 0.8 0.2 100 1 5 0.01 0.05
NaN NaN all 0.8 0.2 0.8 0.2 100 1 5 0.01 0.05
NaN NaN all 0.9 0.2 0.8 0.2 100 1 5 0.01 0.05
NaN NaN all 0 0.2 0.8 0.2 100 1 10 0.01 0.05
NaN NaN all 0.2 0.2 0.8 0.2 100 1 10 0.01 0.05
NaN NaN all 0.4 0.2 0.8 0.2 100 1 10 0.01 0.05
NaN NaN all 0.6 0.2 0.8 0.2 100 1 10 0.01 0.05
NaN NaN all 0.8 0.2 0.8 0.2 100 1 10 0.01 0.05
NaN NaN all 0.9 0.2 0.8 0.2 100 1 10 0.01 0.05
0.5 0.5 all 0 0.2 0.8 0.2 1000 1 7 0.01 0.05
0.5 0.519230769230769 all 0.2 0.2 0.8 0.2 1000 1 7 0.01 0.05
0.522388059701492 0.551020408163265 all 0.4 0.2 0.8 0.2 1000 1 7 0.01 0.05
0.593220338983051 0.642857142857143 all 0.6 0.2 0.8 0.2 1000 1 7 0.01 0.05
0.593220338983051 0.642857142857143 all 0.8 0.2 0.8 0.2 1000 1 7 0.01 0.05
0.542857142857143 0.62962962962963 all 0.9 0.2 0.8 0.2 1000 1 7 0.01 0.05
0.52 0.518518518518518 all 0 0.2 0.8 0.2 1000 1 8 0.01 0.05
0.557142857142857 0.565656565656566 all 0.2 0.2 0.8 0.2 1000 1 8 0.01 0.05
0.582089552238806 0.589473684210526 all 0.4 0.2 0.8 0.2 1000 1 8 0.01 0.05
0.639344262295082 0.636363636363636 all 0.6 0.2 0.8 0.2 1000 1 8 0.01 0.05
0.639344262295082 0.64367816091954 all 0.8 0.2 0.8 0.2 1000 1 8 0.01 0.05
0.769230769230769 0.821428571428571 all 0.9 0.2 0.8 0.2 1000 1 8 0.01 0.05
0.557077625570776 0.57847533632287 all 0 0.2 0.8 0.2 1000 1 4 0.01 0.05
0.583732057416268 0.605633802816901 all 0.2 0.2 0.8 0.2 1000 1 4 0.01 0.05
0.622448979591837 0.648241206030151 all 0.4 0.2 0.8 0.2 1000 1 4 0.01 0.05
0.677777777777778 0.704918032786885 all 0.6 0.2 0.8 0.2 1000 1 4 0.01 0.05
0.689265536723164 0.716666666666667 all 0.8 0.2 0.8 0.2 1000 1 4 0.01 0.05
0.852459016393443 0.891472868217054 all 0.9 0.2 0.8 0.2 1000 1 4 0.01 0.05
0.522875816993464 0.523809523809524 all 0 0.2 0.8 0.2 1000 1 3 0.01 0.05
0.526315789473684 0.527397260273973 all 0.2 0.2 0.8 0.2 1000 1 3 0.01 0.05
0.555555555555556 0.553956834532374 all 0.4 0.2 0.8 0.2 1000 1 3 0.01 0.05
0.610687022900763 0.611111111111111 all 0.6 0.2 0.8 0.2 1000 1 3 0.01 0.05
0.650406504065041 0.652542372881356 all 0.8 0.2 0.8 0.2 1000 1 3 0.01 0.05
0.7125 0.727272727272727 all 0.9 0.2 0.8 0.2 1000 1 3 0.01 0.05
0.515923566878981 0.515923566878981 all 0 0.2 0.8 0.2 1000 1 9 0.01 0.05
0.547297297297297 0.543624161073825 all 0.2 0.2 0.8 0.2 1000 1 9 0.01 0.05
0.578571428571429 0.578571428571429 all 0.4 0.2 0.8 0.2 1000 1 9 0.01 0.05
0.6 0.609022556390977 all 0.6 0.2 0.8 0.2 1000 1 9 0.01 0.05
0.623076923076923 0.6328125 all 0.8 0.2 0.8 0.2 1000 1 9 0.01 0.05
0.728395061728395 0.728395061728395 all 0.9 0.2 0.8 0.2 1000 1 9 0.01 0.05
0.527777777777778 0.533333333333333 all 0 0.2 0.8 0.2 1000 1 6 0.01 0.05
0.527777777777778 0.533333333333333 all 0.2 0.2 0.8 0.2 1000 1 6 0.01 0.05
0.527777777777778 0.533333333333333 all 0.4 0.2 0.8 0.2 1000 1 6 0.01 0.05
0.558823529411765 0.571428571428571 all 0.6 0.2 0.8 0.2 1000 1 6 0.01 0.05
0.633333333333333 0.615384615384615 all 0.8 0.2 0.8 0.2 1000 1 6 0.01 0.05
0.631578947368421 0.625 all 0.9 0.2 0.8 0.2 1000 1 6 0.01 0.05
0.508196721311475 0.505681818181818 all 0 0.2 0.8 0.2 1000 1 2 0.01 0.05
0.531428571428571 0.529761904761905 all 0.2 0.2 0.8 0.2 1000 1 2 0.01 0.05
0.547058823529412 0.54601226993865 all 0.4 0.2 0.8 0.2 1000 1 2 0.01 0.05
0.584905660377358 0.585526315789474 all 0.6 0.2 0.8 0.2 1000 1 2 0.01 0.05
0.603896103896104 0.601351351351351 all 0.8 0.2 0.8 0.2 1000 1 2 0.01 0.05
0.78494623655914 0.820224719101124 all 0.9 0.2 0.8 0.2 1000 1 2 0.01 0.05
0.560165975103734 0.565789473684211 all 0 0.2 0.8 0.2 1000 1 1 0.01 0.05
0.581896551724138 0.586363636363636 all 0.2 0.2 0.8 0.2 1000 1 1 0.01 0.05
0.58695652173913 0.589041095890411 all 0.4 0.2 0.8 0.2 1000 1 1 0.01 0.05
0.639810426540284 0.645 all 0.6 0.2 0.8 0.2 1000 1 1 0.01 0.05
0.703125 0.712707182320442 all 0.8 0.2 0.8 0.2 1000 1 1 0.01 0.05
0.807407407407407 0.837209302325581 all 0.9 0.2 0.8 0.2 1000 1 1 0.01 0.05
0.53125 0.52755905511811 all 0 0.2 0.8 0.2 1000 1 5 0.01 0.05
0.53968253968254 0.540322580645161 all 0.2 0.2 0.8 0.2 1000 1 5 0.01 0.05
0.552845528455285 0.553719008264463 all 0.4 0.2 0.8 0.2 1000 1 5 0.01 0.05
0.618181818181818 0.62037037037037 all 0.6 0.2 0.8 0.2 1000 1 5 0.01 0.05
0.666666666666667 0.67 all 0.8 0.2 0.8 0.2 1000 1 5 0.01 0.05
0.852941176470588 0.850746268656716 all 0.9 0.2 0.8 0.2 1000 1 5 0.01 0.05
0.5 NaN all 0 0.2 0.8 0.2 1000 1 10 0.01 0.05
0.5 NaN all 0.2 0.2 0.8 0.2 1000 1 10 0.01 0.05
0.5 NaN all 0.4 0.2 0.8 0.2 1000 1 10 0.01 0.05
0.5 NaN all 0.6 0.2 0.8 0.2 1000 1 10 0.01 0.05
0.5 NaN all 0.8 0.2 0.8 0.2 1000 1 10 0.01 0.05
0 NaN all 0.9 0.2 0.8 0.2 1000 1 10 0.01 0.05
0.552697391925688 0.557072430792567 all 0 0.2 0.8 0.2 5000 1 7 0.01 0.05
0.58114199849737 0.586661341853035 all 0.2 0.2 0.8 0.2 5000 1 7 0.01 0.05
0.600776699029126 0.608533554266777 all 0.4 0.2 0.8 0.2 5000 1 7 0.01 0.05
0.631944444444444 0.641484716157205 all 0.6 0.2 0.8 0.2 5000 1 7 0.01 0.05
0.647009619406106 0.658154121863799 all 0.8 0.2 0.8 0.2 5000 1 7 0.01 0.05
0.623141564318035 0.655547991831178 all 0.9 0.2 0.8 0.2 5000 1 7 0.01 0.05
0.61280487804878 0.621848739495798 all 0 0.2 0.8 0.2 5000 1 8 0.01 0.05
0.637083993660856 0.647020725388601 all 0.2 0.2 0.8 0.2 5000 1 8 0.01 0.05
0.660966787241039 0.674772036474164 all 0.4 0.2 0.8 0.2 5000 1 8 0.01 0.05
0.68788501026694 0.703521126760563 all 0.6 0.2 0.8 0.2 5000 1 8 0.01 0.05
0.7013258897418 0.717414721723519 all 0.8 0.2 0.8 0.2 5000 1 8 0.01 0.05
0.701492537313433 0.733233233233233 all 0.9 0.2 0.8 0.2 5000 1 8 0.01 0.05
0.708428860418072 0.713484646194927 all 0 0.2 0.8 0.2 5000 1 4 0.01 0.05
0.753874856486797 0.758767570637512 all 0.2 0.2 0.8 0.2 5000 1 4 0.01 0.05
0.778799110452187 0.784382797592837 all 0.4 0.2 0.8 0.2 5000 1 4 0.01 0.05
0.800884281140418 0.806885097387891 all 0.6 0.2 0.8 0.2 5000 1 4 0.01 0.05
0.811775614279091 0.817750573833206 all 0.8 0.2 0.8 0.2 5000 1 4 0.01 0.05
0.829811536264991 0.838697604790419 all 0.9 0.2 0.8 0.2 5000 1 4 0.01 0.05
0.783463790041439 0.784824312743094 all 0 0.2 0.8 0.2 5000 1 9 0.01 0.05
0.825147211638379 0.826793527328287 all 0.2 0.2 0.8 0.2 5000 1 9 0.01 0.05
0.849027015467959 0.850660950339407 all 0.4 0.2 0.8 0.2 5000 1 9 0.01 0.05
0.86531057028696 0.867268886136811 all 0.6 0.2 0.8 0.2 5000 1 9 0.01 0.05
0.87221734036321 0.874274803554381 all 0.8 0.2 0.8 0.2 5000 1 9 0.01 0.05
0.896146419276299 0.89895002099958 all 0.9 0.2 0.8 0.2 5000 1 9 0.01 0.05
0.811649659863946 0.812790251800094 all 0 0.2 0.8 0.2 5000 1 3 0.01 0.05
0.856092201444011 0.857624527962597 all 0.2 0.2 0.8 0.2 5000 1 3 0.01 0.05
0.875326699986244 0.877022802500919 all 0.4 0.2 0.8 0.2 5000 1 3 0.01 0.05
0.889686349443072 0.891406943600766 all 0.6 0.2 0.8 0.2 5000 1 3 0.01 0.05
0.897761474793078 0.899603885692728 all 0.8 0.2 0.8 0.2 5000 1 3 0.01 0.05
0.919643792561551 0.921685799654034 all 0.9 0.2 0.8 0.2 5000 1 3 0.01 0.05
0.642808912896691 0.649195402298851 all 0 0.2 0.8 0.2 5000 1 1 0.01 0.05
0.674220963172805 0.682290408311186 all 0.2 0.2 0.8 0.2 5000 1 1 0.01 0.05
0.700343305541932 0.708124373119358 all 0.4 0.2 0.8 0.2 5000 1 1 0.01 0.05
0.728943338437979 0.737529381039436 all 0.6 0.2 0.8 0.2 5000 1 1 0.01 0.05
0.74491392801252 0.754676643506146 all 0.8 0.2 0.8 0.2 5000 1 1 0.01 0.05
0.757352941176471 0.776203966005666 all 0.9 0.2 0.8 0.2 5000 1 1 0.01 0.05
0.812413387645404 0.813336701187168 all 0 0.2 0.8 0.2 5000 1 2 0.01 0.05
0.855676942810385 0.856800745044126 all 0.2 0.2 0.8 0.2 5000 1 2 0.01 0.05
0.878884244957296 0.879981780915509 all 0.4 0.2 0.8 0.2 5000 1 2 0.01 0.05
0.893167128347184 0.894237445035871 all 0.6 0.2 0.8 0.2 5000 1 2 0.01 0.05
0.90073563646522 0.901792382374907 all 0.8 0.2 0.8 0.2 5000 1 2 0.01 0.05
0.921637547813501 0.92287784679089 all 0.9 0.2 0.8 0.2 5000 1 2 0.01 0.05
0.5900439238653 0.598940597805524 all 0 0.2 0.8 0.2 5000 1 6 0.01 0.05
0.612694792854428 0.622738001573564 all 0.2 0.2 0.8 0.2 5000 1 6 0.01 0.05
0.637910565888405 0.649036490364904 all 0.4 0.2 0.8 0.2 5000 1 6 0.01 0.05
0.657690738474092 0.670762711864407 all 0.6 0.2 0.8 0.2 5000 1 6 0.01 0.05
0.669435215946844 0.682916307161346 all 0.8 0.2 0.8 0.2 5000 1 6 0.01 0.05
0.647642679900744 0.679722046746683 all 0.9 0.2 0.8 0.2 5000 1 6 0.01 0.05
0.577962577962578 0.578130638758571 all 0 0.2 0.8 0.2 5000 1 5 0.01 0.05
0.603036876355748 0.604072398190045 all 0.2 0.2 0.8 0.2 5000 1 5 0.01 0.05
0.620074349442379 0.623346303501946 all 0.4 0.2 0.8 0.2 5000 1 5 0.01 0.05
0.635670731707317 0.640031961646025 all 0.6 0.2 0.8 0.2 5000 1 5 0.01 0.05
0.649532710280374 0.655482815057283 all 0.8 0.2 0.8 0.2 5000 1 5 0.01 0.05
0.619904076738609 0.646067415730337 all 0.9 0.2 0.8 0.2 5000 1 5 0.01 0.05
0.712016175621028 0.71718203033839 all 0 0.2 0.8 0.2 5000 1 10 0.01 0.05
0.753246753246753 0.758796296296296 all 0.2 0.2 0.8 0.2 5000 1 10 0.01 0.05
0.775523045461696 0.781841310224201 all 0.4 0.2 0.8 0.2 5000 1 10 0.01 0.05
0.795161290322581 0.803037726604606 all 0.6 0.2 0.8 0.2 5000 1 10 0.01 0.05
0.806346090938829 0.815017404276479 all 0.8 0.2 0.8 0.2 5000 1 10 0.01 0.05
0.823326572008114 0.835875533862111 all 0.9 0.2 0.8 0.2 5000 1 10 0.01 0.05
NaN NaN all 0 0.2 0.2 0.5 100 1 7 0.01 0.05
NaN NaN all 0.2 0.2 0.2 0.5 100 1 7 0.01 0.05
NaN NaN all 0.4 0.2 0.2 0.5 100 1 7 0.01 0.05
NaN NaN all 0.6 0.2 0.2 0.5 100 1 7 0.01 0.05
NaN NaN all 0.8 0.2 0.2 0.5 100 1 7 0.01 0.05
NaN NaN all 0.9 0.2 0.2 0.5 100 1 7 0.01 0.05
NaN NaN all 0 0.2 0.2 0.5 100 1 8 0.01 0.05
NaN NaN all 0.2 0.2 0.2 0.5 100 1 8 0.01 0.05
NaN NaN all 0.4 0.2 0.2 0.5 100 1 8 0.01 0.05
NaN NaN all 0.6 0.2 0.2 0.5 100 1 8 0.01 0.05
NaN NaN all 0.8 0.2 0.2 0.5 100 1 8 0.01 0.05
NaN NaN all 0.9 0.2 0.2 0.5 100 1 8 0.01 0.05
NaN NaN all 0 0.2 0.2 0.5 100 1 4 0.01 0.05
NaN NaN all 0.2 0.2 0.2 0.5 100 1 4 0.01 0.05
NaN NaN all 0.4 0.2 0.2 0.5 100 1 4 0.01 0.05
NaN NaN all 0.6 0.2 0.2 0.5 100 1 4 0.01 0.05
NaN NaN all 0.8 0.2 0.2 0.5 100 1 4 0.01 0.05
NaN NaN all 0.9 0.2 0.2 0.5 100 1 4 0.01 0.05
0.516129032258065 0.516129032258065 all 0 0.2 0.2 0.5 100 1 9 0.01 0.05
0.516129032258065 0.516129032258065 all 0.2 0.2 0.2 0.5 100 1 9 0.01 0.05
0.516129032258065 0.516129032258065 all 0.4 0.2 0.2 0.5 100 1 9 0.01 0.05
0.571428571428571 0.571428571428571 all 0.6 0.2 0.2 0.5 100 1 9 0.01 0.05
0.571428571428571 0.571428571428571 all 0.8 0.2 0.2 0.5 100 1 9 0.01 0.05
0.875 0.875 all 0.9 0.2 0.2 0.5 100 1 9 0.01 0.05
1 NaN all 0 0.2 0.2 0.5 100 1 3 0.01 0.05
1 NaN all 0.2 0.2 0.2 0.5 100 1 3 0.01 0.05
1 NaN all 0.4 0.2 0.2 0.5 100 1 3 0.01 0.05
1 NaN all 0.6 0.2 0.2 0.5 100 1 3 0.01 0.05
1 NaN all 0.8 0.2 0.2 0.5 100 1 3 0.01 0.05
1 NaN all 0.9 0.2 0.2 0.5 100 1 3 0.01 0.05
NaN NaN all 0 0.2 0.2 0.5 100 1 1 0.01 0.05
NaN NaN all 0.2 0.2 0.2 0.5 100 1 1 0.01 0.05
NaN NaN all 0.4 0.2 0.2 0.5 100 1 1 0.01 0.05
NaN NaN all 0.6 0.2 0.2 0.5 100 1 1 0.01 0.05
NaN NaN all 0.8 0.2 0.2 0.5 100 1 1 0.01 0.05
NaN NaN all 0.9 0.2 0.2 0.5 100 1 1 0.01 0.05
NaN NaN all 0 0.2 0.2 0.5 100 1 2 0.01 0.05
NaN NaN all 0.2 0.2 0.2 0.5 100 1 2 0.01 0.05
NaN NaN all 0.4 0.2 0.2 0.5 100 1 2 0.01 0.05
NaN NaN all 0.6 0.2 0.2 0.5 100 1 2 0.01 0.05
NaN NaN all 0.8 0.2 0.2 0.5 100 1 2 0.01 0.05
NaN NaN all 0.9 0.2 0.2 0.5 100 1 2 0.01 0.05
1 NaN all 0 0.2 0.2 0.5 100 1 6 0.01 0.05
1 NaN all 0.2 0.2 0.2 0.5 100 1 6 0.01 0.05
1 NaN all 0.4 0.2 0.2 0.5 100 1 6 0.01 0.05
1 NaN all 0.6 0.2 0.2 0.5 100 1 6 0.01 0.05
1 NaN all 0.8 0.2 0.2 0.5 100 1 6 0.01 0.05
1 NaN all 0.9 0.2 0.2 0.5 100 1 6 0.01 0.05
NaN NaN all 0 0.2 0.2 0.5 100 1 5 0.01 0.05
NaN NaN all 0.2 0.2 0.2 0.5 100 1 5 0.01 0.05
NaN NaN all 0.4 0.2 0.2 0.5 100 1 5 0.01 0.05
NaN NaN all 0.6 0.2 0.2 0.5 100 1 5 0.01 0.05
NaN NaN all 0.8 0.2 0.2 0.5 100 1 5 0.01 0.05
NaN NaN all 0.9 0.2 0.2 0.5 100 1 5 0.01 0.05
0.65 0.65 all 0 0.2 0.2 0.5 100 1 10 0.01 0.05
0.722222222222222 0.722222222222222 all 0.2 0.2 0.2 0.5 100 1 10 0.01 0.05
0.764705882352941 0.764705882352941 all 0.4 0.2 0.2 0.5 100 1 10 0.01 0.05
0.928571428571429 0.928571428571429 all 0.6 0.2 0.2 0.5 100 1 10 0.01 0.05
0.928571428571429 0.928571428571429 all 0.8 0.2 0.2 0.5 100 1 10 0.01 0.05
0.923076923076923 0.923076923076923 all 0.9 0.2 0.2 0.5 100 1 10 0.01 0.05
0.581081081081081 0.581081081081081 all 0 0.2 0.2 0.5 1000 1 7 0.01 0.05
0.581081081081081 0.581081081081081 all 0.2 0.2 0.2 0.5 1000 1 7 0.01 0.05
0.589041095890411 0.589041095890411 all 0.4 0.2 0.2 0.5 1000 1 7 0.01 0.05
0.693548387096774 0.693548387096774 all 0.6 0.2 0.2 0.5 1000 1 7 0.01 0.05
0.767857142857143 0.767857142857143 all 0.8 0.2 0.2 0.5 1000 1 7 0.01 0.05
0.790697674418605 0.790697674418605 all 0.9 0.2 0.2 0.5 1000 1 7 0.01 0.05
0.52112676056338 0.52112676056338 all 0 0.2 0.2 0.5 1000 1 8 0.01 0.05
0.60655737704918 0.60655737704918 all 0.2 0.2 0.2 0.5 1000 1 8 0.01 0.05
0.660714285714286 0.660714285714286 all 0.4 0.2 0.2 0.5 1000 1 8 0.01 0.05
0.69811320754717 0.69811320754717 all 0.6 0.2 0.2 0.5 1000 1 8 0.01 0.05
0.711538461538462 0.711538461538462 all 0.8 0.2 0.2 0.5 1000 1 8 0.01 0.05
0.837837837837838 0.837837837837838 all 0.9 0.2 0.2 0.5 1000 1 8 0.01 0.05
0.522727272727273 0.523809523809524 all 0 0.2 0.2 0.5 1000 1 4 0.01 0.05
0.522727272727273 0.523809523809524 all 0.2 0.2 0.2 0.5 1000 1 4 0.01 0.05
0.522727272727273 0.523809523809524 all 0.4 0.2 0.2 0.5 1000 1 4 0.01 0.05
0.522727272727273 0.523809523809524 all 0.6 0.2 0.2 0.5 1000 1 4 0.01 0.05
0.547619047619048 0.55 all 0.8 0.2 0.2 0.5 1000 1 4 0.01 0.05
0.608695652173913 0.681818181818182 all 0.9 0.2 0.2 0.5 1000 1 4 0.01 0.05
0.533707865168539 0.533707865168539 all 0 0.2 0.2 0.5 1000 1 9 0.01 0.05
0.56547619047619 0.56547619047619 all 0.2 0.2 0.2 0.5 1000 1 9 0.01 0.05
0.608974358974359 0.608974358974359 all 0.4 0.2 0.2 0.5 1000 1 9 0.01 0.05
0.646258503401361 0.650684931506849 all 0.6 0.2 0.2 0.5 1000 1 9 0.01 0.05
0.673758865248227 0.678571428571429 all 0.8 0.2 0.2 0.5 1000 1 9 0.01 0.05
0.810526315789474 0.821052631578947 all 0.9 0.2 0.2 0.5 1000 1 9 0.01 0.05
0.554858934169279 0.555555555555556 all 0 0.2 0.2 0.5 1000 1 3 0.01 0.05
0.560126582278481 0.561056105610561 all 0.2 0.2 0.2 0.5 1000 1 3 0.01 0.05
0.584158415841584 0.580204778156997 all 0.4 0.2 0.2 0.5 1000 1 3 0.01 0.05
0.621052631578947 0.618181818181818 all 0.6 0.2 0.2 0.5 1000 1 3 0.01 0.05
0.648351648351648 0.648854961832061 all 0.8 0.2 0.2 0.5 1000 1 3 0.01 0.05
0.80225988700565 0.805882352941176 all 0.9 0.2 0.2 0.5 1000 1 3 0.01 0.05
0.508620689655172 0.504385964912281 all 0 0.2 0.2 0.5 1000 1 1 0.01 0.05
0.517543859649123 0.513392857142857 all 0.2 0.2 0.2 0.5 1000 1 1 0.01 0.05
0.564593301435407 0.563725490196078 all 0.4 0.2 0.2 0.5 1000 1 1 0.01 0.05
0.670454545454545 0.672514619883041 all 0.6 0.2 0.2 0.5 1000 1 1 0.01 0.05
0.698224852071006 0.701219512195122 all 0.8 0.2 0.2 0.5 1000 1 1 0.01 0.05
0.813559322033898 0.817391304347826 all 0.9 0.2 0.2 0.5 1000 1 1 0.01 0.05
0.524324324324324 0.524590163934426 all 0 0.2 0.2 0.5 1000 1 2 0.01 0.05
0.530054644808743 0.530386740331492 all 0.2 0.2 0.2 0.5 1000 1 2 0.01 0.05
0.538888888888889 0.539325842696629 all 0.4 0.2 0.2 0.5 1000 1 2 0.01 0.05
0.557471264367816 0.558139534883721 all 0.6 0.2 0.2 0.5 1000 1 2 0.01 0.05
0.570588235294118 0.571428571428571 all 0.8 0.2 0.2 0.5 1000 1 2 0.01 0.05
0.742268041237113 0.760416666666667 all 0.9 0.2 0.2 0.5 1000 1 2 0.01 0.05
0.509090909090909 0.512820512820513 all 0 0.2 0.2 0.5 1000 1 6 0.01 0.05
0.509090909090909 0.512820512820513 all 0.2 0.2 0.2 0.5 1000 1 6 0.01 0.05
0.538461538461538 0.555555555555556 all 0.4 0.2 0.2 0.5 1000 1 6 0.01 0.05
0.56 0.571428571428571 all 0.6 0.2 0.2 0.5 1000 1 6 0.01 0.05
0.636363636363636 0.689655172413793 all 0.8 0.2 0.2 0.5 1000 1 6 0.01 0.05
0.642857142857143 0.65 all 0.9 0.2 0.2 0.5 1000 1 6 0.01 0.05
0.532608695652174 0.559210526315789 all 0 0.2 0.2 0.5 1000 1 5 0.01 0.05
0.556818181818182 0.578231292517007 all 0.2 0.2 0.2 0.5 1000 1 5 0.01 0.05
0.563218390804598 0.598591549295775 all 0.4 0.2 0.2 0.5 1000 1 5 0.01 0.05
0.6125 0.648854961832061 all 0.6 0.2 0.2 0.5 1000 1 5 0.01 0.05
0.710144927536232 0.720338983050847 all 0.8 0.2 0.2 0.5 1000 1 5 0.01 0.05
0.775510204081633 0.811764705882353 all 0.9 0.2 0.2 0.5 1000 1 5 0.01 0.05
0.53125 0.534883720930233 all 0 0.2 0.2 0.5 1000 1 10 0.01 0.05
0.53125 0.534883720930233 all 0.2 0.2 0.2 0.5 1000 1 10 0.01 0.05
0.53968253968254 0.547619047619048 all 0.4 0.2 0.2 0.5 1000 1 10 0.01 0.05
0.586206896551724 0.605263157894737 all 0.6 0.2 0.2 0.5 1000 1 10 0.01 0.05
0.62962962962963 0.657142857142857 all 0.8 0.2 0.2 0.5 1000 1 10 0.01 0.05
0.705882352941177 0.782608695652174 all 0.9 0.2 0.2 0.5 1000 1 10 0.01 0.05
0.661217817736003 0.662027420024927 all 0 0.2 0.2 0.5 5000 1 7 0.01 0.05
0.690420311499893 0.690574214517876 all 0.2 0.2 0.2 0.5 5000 1 7 0.01 0.05
0.714664310954064 0.715375982042649 all 0.4 0.2 0.2 0.5 5000 1 7 0.01 0.05
0.742883379247016 0.744626168224299 all 0.6 0.2 0.2 0.5 5000 1 7 0.01 0.05
0.761232651140908 0.762987790280105 all 0.8 0.2 0.2 0.5 5000 1 7 0.01 0.05
0.775030902348579 0.779730153749608 all 0.9 0.2 0.2 0.5 5000 1 7 0.01 0.05
0.554371785451874 0.554307116104869 all 0 0.2 0.2 0.5 5000 1 8 0.01 0.05
0.577055449330784 0.577448302770191 all 0.2 0.2 0.2 0.5 5000 1 8 0.01 0.05
0.598097502972652 0.599432968813285 all 0.4 0.2 0.2 0.5 5000 1 8 0.01 0.05
0.623811492352212 0.624472573839662 all 0.6 0.2 0.2 0.5 5000 1 8 0.01 0.05
0.639677829588809 0.640138408304498 all 0.8 0.2 0.2 0.5 5000 1 8 0.01 0.05
0.614976805831677 0.617567567567568 all 0.9 0.2 0.2 0.5 5000 1 8 0.01 0.05
0.661308623298033 0.661185468451243 all 0 0.2 0.2 0.5 5000 1 4 0.01 0.05
0.697308075772682 0.6980218005652 all 0.2 0.2 0.2 0.5 5000 1 4 0.01 0.05
0.732816429170159 0.733404029692471 all 0.4 0.2 0.2 0.5 5000 1 4 0.01 0.05
0.755454741844891 0.756342957130359 all 0.6 0.2 0.2 0.5 5000 1 4 0.01 0.05
0.770264317180617 0.771702744923008 all 0.8 0.2 0.2 0.5 5000 1 4 0.01 0.05
0.794681155275951 0.797570850202429 all 0.9 0.2 0.2 0.5 5000 1 4 0.01 0.05
0.789778261616914 0.790695009453962 all 0 0.2 0.2 0.5 5000 1 9 0.01 0.05
0.834382566585956 0.835148874364561 all 0.2 0.2 0.2 0.5 5000 1 9 0.01 0.05
0.857747355320473 0.858369098712446 all 0.4 0.2 0.2 0.5 5000 1 9 0.01 0.05
0.876231644523552 0.876858558902021 all 0.6 0.2 0.2 0.5 5000 1 9 0.01 0.05
0.884780794659477 0.885466794995188 all 0.8 0.2 0.2 0.5 5000 1 9 0.01 0.05
0.90467208357516 0.905434782608696 all 0.9 0.2 0.2 0.5 5000 1 9 0.01 0.05
0.818574693538334 0.818907790209208 all 0 0.2 0.2 0.5 5000 1 3 0.01 0.05
0.864332411916985 0.864538508825854 all 0.2 0.2 0.2 0.5 5000 1 3 0.01 0.05
0.883561336622561 0.883747026347682 all 0.4 0.2 0.2 0.5 5000 1 3 0.01 0.05
0.897366982507289 0.8976474879183 all 0.6 0.2 0.2 0.5 5000 1 3 0.01 0.05
0.902630131964809 0.902958037147443 all 0.8 0.2 0.2 0.5 5000 1 3 0.01 0.05
0.923701710746738 0.924069277261415 all 0.9 0.2 0.2 0.5 5000 1 3 0.01 0.05
0.662295081967213 0.662059005570456 all 0 0.2 0.2 0.5 5000 1 1 0.01 0.05
0.69505376344086 0.694739121021866 all 0.2 0.2 0.2 0.5 5000 1 1 0.01 0.05
0.719501335707925 0.719506726457399 all 0.4 0.2 0.2 0.5 5000 1 1 0.01 0.05
0.741624598439651 0.74213691026827 all 0.6 0.2 0.2 0.5 5000 1 1 0.01 0.05
0.756731444626551 0.757375501534104 all 0.8 0.2 0.2 0.5 5000 1 1 0.01 0.05
0.783106435643564 0.784668120909941 all 0.9 0.2 0.2 0.5 5000 1 1 0.01 0.05
0.831755581114158 0.831863887004983 all 0 0.2 0.2 0.5 5000 1 2 0.01 0.05
0.872324631943585 0.872460182464821 all 0.2 0.2 0.2 0.5 5000 1 2 0.01 0.05
0.889323327237182 0.889459911088691 all 0.4 0.2 0.2 0.5 5000 1 2 0.01 0.05
0.903655762391465 0.903764215921832 all 0.6 0.2 0.2 0.5 5000 1 2 0.01 0.05
0.910923066985337 0.911002034423741 all 0.8 0.2 0.2 0.5 5000 1 2 0.01 0.05
0.931711813927103 0.931941441281769 all 0.9 0.2 0.2 0.5 5000 1 2 0.01 0.05
0.57700327673518 0.576086956521739 all 0 0.2 0.2 0.5 5000 1 6 0.01 0.05
0.607590966122961 0.606870229007634 all 0.2 0.2 0.2 0.5 5000 1 6 0.01 0.05
0.630944625407166 0.630952380952381 all 0.4 0.2 0.2 0.5 5000 1 6 0.01 0.05
0.657724957555178 0.65770423991727 all 0.6 0.2 0.2 0.5 5000 1 6 0.01 0.05
0.672335994446373 0.672067629446988 all 0.8 0.2 0.2 0.5 5000 1 6 0.01 0.05
0.680949922560661 0.683438155136268 all 0.9 0.2 0.2 0.5 5000 1 6 0.01 0.05
0.566932119833144 0.571593533487298 all 0 0.2 0.2 0.5 5000 1 5 0.01 0.05
0.601125854443104 0.606369946917109 all 0.2 0.2 0.2 0.5 5000 1 5 0.01 0.05
0.631334459459459 0.638160721959605 all 0.4 0.2 0.2 0.5 5000 1 5 0.01 0.05
0.657431838170624 0.666517055655296 all 0.6 0.2 0.2 0.5 5000 1 5 0.01 0.05
0.672212230215827 0.681505277650298 all 0.8 0.2 0.2 0.5 5000 1 5 0.01 0.05
0.644147157190635 0.661952861952862 all 0.9 0.2 0.2 0.5 5000 1 5 0.01 0.05
0.711866880747336 0.712328767123288 all 0 0.2 0.2 0.5 5000 1 10 0.01 0.05
0.74731841863316 0.748838649736761 all 0.2 0.2 0.2 0.5 5000 1 10 0.01 0.05
0.776468715172743 0.777867138491234 all 0.4 0.2 0.2 0.5 5000 1 10 0.01 0.05
0.798591779924677 0.79973540598644 all 0.6 0.2 0.2 0.5 5000 1 10 0.01 0.05
0.80986383261375 0.811001173905752 all 0.8 0.2 0.2 0.5 5000 1 10 0.01 0.05
0.839040393684642 0.842018196856906 all 0.9 0.2 0.2 0.5 5000 1 10 0.01 0.05
NaN NaN all 0 0.2 0.5 0.5 100 1 7 0.01 0.05
NaN NaN all 0.2 0.2 0.5 0.5 100 1 7 0.01 0.05
NaN NaN all 0.4 0.2 0.5 0.5 100 1 7 0.01 0.05
NaN NaN all 0.6 0.2 0.5 0.5 100 1 7 0.01 0.05
NaN NaN all 0.8 0.2 0.5 0.5 100 1 7 0.01 0.05
NaN NaN all 0.9 0.2 0.5 0.5 100 1 7 0.01 0.05
NaN NaN all 0 0.2 0.5 0.5 100 1 8 0.01 0.05
NaN NaN all 0.2 0.2 0.5 0.5 100 1 8 0.01 0.05
NaN NaN all 0.4 0.2 0.5 0.5 100 1 8 0.01 0.05
NaN NaN all 0.6 0.2 0.5 0.5 100 1 8 0.01 0.05
NaN NaN all 0.8 0.2 0.5 0.5 100 1 8 0.01 0.05
NaN NaN all 0.9 0.2 0.5 0.5 100 1 8 0.01 0.05
NaN NaN all 0 0.2 0.5 0.5 100 1 4 0.01 0.05
NaN NaN all 0.2 0.2 0.5 0.5 100 1 4 0.01 0.05
NaN NaN all 0.4 0.2 0.5 0.5 100 1 4 0.01 0.05
NaN NaN all 0.6 0.2 0.5 0.5 100 1 4 0.01 0.05
NaN NaN all 0.8 0.2 0.5 0.5 100 1 4 0.01 0.05
NaN NaN all 0.9 0.2 0.5 0.5 100 1 4 0.01 0.05
NaN NaN all 0 0.2 0.5 0.5 100 1 9 0.01 0.05
NaN NaN all 0.2 0.2 0.5 0.5 100 1 9 0.01 0.05
NaN NaN all 0.4 0.2 0.5 0.5 100 1 9 0.01 0.05
NaN NaN all 0.6 0.2 0.5 0.5 100 1 9 0.01 0.05
NaN NaN all 0.8 0.2 0.5 0.5 100 1 9 0.01 0.05
NaN NaN all 0.9 0.2 0.5 0.5 100 1 9 0.01 0.05
NaN NaN all 0 0.2 0.5 0.5 100 1 3 0.01 0.05
NaN NaN all 0.2 0.2 0.5 0.5 100 1 3 0.01 0.05
NaN NaN all 0.4 0.2 0.5 0.5 100 1 3 0.01 0.05
NaN NaN all 0.6 0.2 0.5 0.5 100 1 3 0.01 0.05
NaN NaN all 0.8 0.2 0.5 0.5 100 1 3 0.01 0.05
NaN NaN all 0.9 0.2 0.5 0.5 100 1 3 0.01 0.05
0.642857142857143 0.642857142857143 all 0 0.2 0.5 0.5 100 1 1 0.01 0.05
0.642857142857143 0.642857142857143 all 0.2 0.2 0.5 0.5 100 1 1 0.01 0.05
0.642857142857143 0.642857142857143 all 0.4 0.2 0.5 0.5 100 1 1 0.01 0.05
0.642857142857143 0.642857142857143 all 0.6 0.2 0.5 0.5 100 1 1 0.01 0.05
0.642857142857143 0.642857142857143 all 0.8 0.2 0.5 0.5 100 1 1 0.01 0.05
0.888888888888889 0.888888888888889 all 0.9 0.2 0.5 0.5 100 1 1 0.01 0.05
NaN NaN all 0 0.2 0.5 0.5 100 1 2 0.01 0.05
NaN NaN all 0.2 0.2 0.5 0.5 100 1 2 0.01 0.05
NaN NaN all 0.4 0.2 0.5 0.5 100 1 2 0.01 0.05
NaN NaN all 0.6 0.2 0.5 0.5 100 1 2 0.01 0.05
NaN NaN all 0.8 0.2 0.5 0.5 100 1 2 0.01 0.05
NaN NaN all 0.9 0.2 0.5 0.5 100 1 2 0.01 0.05
NaN NaN all 0 0.2 0.5 0.5 100 1 6 0.01 0.05
NaN NaN all 0.2 0.2 0.5 0.5 100 1 6 0.01 0.05
NaN NaN all 0.4 0.2 0.5 0.5 100 1 6 0.01 0.05
NaN NaN all 0.6 0.2 0.5 0.5 100 1 6 0.01 0.05
NaN NaN all 0.8 0.2 0.5 0.5 100 1 6 0.01 0.05
NaN NaN all 0.9 0.2 0.5 0.5 100 1 6 0.01 0.05
NaN NaN all 0 0.2 0.5 0.5 100 1 5 0.01 0.05
NaN NaN all 0.2 0.2 0.5 0.5 100 1 5 0.01 0.05
NaN NaN all 0.4 0.2 0.5 0.5 100 1 5 0.01 0.05
NaN NaN all 0.6 0.2 0.5 0.5 100 1 5 0.01 0.05
NaN NaN all 0.8 0.2 0.5 0.5 100 1 5 0.01 0.05
NaN NaN all 0.9 0.2 0.5 0.5 100 1 5 0.01 0.05
NaN NaN all 0 0.2 0.5 0.5 100 1 10 0.01 0.05
NaN NaN all 0.2 0.2 0.5 0.5 100 1 10 0.01 0.05
NaN NaN all 0.4 0.2 0.5 0.5 100 1 10 0.01 0.05
NaN NaN all 0.6 0.2 0.5 0.5 100 1 10 0.01 0.05
NaN NaN all 0.8 0.2 0.5 0.5 100 1 10 0.01 0.05
NaN NaN all 0.9 0.2 0.5 0.5 100 1 10 0.01 0.05
0.536764705882353 0.536231884057971 all 0 0.2 0.5 0.5 1000 1 7 0.01 0.05
0.544776119402985 0.544117647058823 all 0.2 0.2 0.5 0.5 1000 1 7 0.01 0.05
0.557251908396947 0.556390977443609 all 0.4 0.2 0.5 0.5 1000 1 7 0.01 0.05
0.579365079365079 0.578125 all 0.6 0.2 0.5 0.5 1000 1 7 0.01 0.05
0.598360655737705 0.596774193548387 all 0.8 0.2 0.5 0.5 1000 1 7 0.01 0.05
0.767123287671233 0.77027027027027 all 0.9 0.2 0.5 0.5 1000 1 7 0.01 0.05
0.515 0.502369668246445 all 0 0.2 0.5 0.5 1000 1 8 0.01 0.05
0.522842639593909 0.509615384615385 all 0.2 0.2 0.5 0.5 1000 1 8 0.01 0.05
0.542105263157895 0.522167487684729 all 0.4 0.2 0.5 0.5 1000 1 8 0.01 0.05
0.591954022988506 0.560846560846561 all 0.6 0.2 0.5 0.5 1000 1 8 0.01 0.05
0.64375 0.61271676300578 all 0.8 0.2 0.5 0.5 1000 1 8 0.01 0.05
0.815533980582524 0.811320754716981 all 0.9 0.2 0.5 0.5 1000 1 8 0.01 0.05
0.522388059701492 0.522388059701492 all 0 0.2 0.5 0.5 1000 1 4 0.01 0.05
0.53030303030303 0.53030303030303 all 0.2 0.2 0.5 0.5 1000 1 4 0.01 0.05
0.538461538461538 0.538461538461538 all 0.4 0.2 0.5 0.5 1000 1 4 0.01 0.05
0.546875 0.546875 all 0.6 0.2 0.5 0.5 1000 1 4 0.01 0.05
0.564516129032258 0.564516129032258 all 0.8 0.2 0.5 0.5 1000 1 4 0.01 0.05
0.8 0.8 all 0.9 0.2 0.5 0.5 1000 1 4 0.01 0.05
0.56420233463035 0.556910569105691 all 0 0.2 0.5 0.5 1000 1 9 0.01 0.05
0.58 0.570833333333333 all 0.2 0.2 0.5 0.5 1000 1 9 0.01 0.05
0.589430894308943 0.580508474576271 all 0.4 0.2 0.5 0.5 1000 1 9 0.01 0.05
0.647321428571429 0.64018691588785 all 0.6 0.2 0.5 0.5 1000 1 9 0.01 0.05
0.683962264150943 0.678217821782178 all 0.8 0.2 0.5 0.5 1000 1 9 0.01 0.05
0.820689655172414 0.817518248175182 all 0.9 0.2 0.5 0.5 1000 1 9 0.01 0.05
0.528169014084507 0.528169014084507 all 0 0.2 0.5 0.5 1000 1 3 0.01 0.05
0.531914893617021 0.531914893617021 all 0.2 0.2 0.5 0.5 1000 1 3 0.01 0.05
0.581395348837209 0.581395348837209 all 0.4 0.2 0.5 0.5 1000 1 3 0.01 0.05
0.6 0.6 all 0.6 0.2 0.5 0.5 1000 1 3 0.01 0.05
0.609756097560976 0.609756097560976 all 0.8 0.2 0.5 0.5 1000 1 3 0.01 0.05
0.76 0.76 all 0.9 0.2 0.5 0.5 1000 1 3 0.01 0.05
0.538961038961039 0.541935483870968 all 0 0.2 0.5 0.5 1000 1 1 0.01 0.05
0.560810810810811 0.563758389261745 all 0.2 0.2 0.5 0.5 1000 1 1 0.01 0.05
0.568493150684932 0.571428571428571 all 0.4 0.2 0.5 0.5 1000 1 1 0.01 0.05
0.610294117647059 0.613138686131387 all 0.6 0.2 0.5 0.5 1000 1 1 0.01 0.05
0.638461538461538 0.641221374045801 all 0.8 0.2 0.5 0.5 1000 1 1 0.01 0.05
0.831325301204819 0.833333333333333 all 0.9 0.2 0.5 0.5 1000 1 1 0.01 0.05
0.516528925619835 0.516806722689076 all 0 0.2 0.5 0.5 1000 1 2 0.01 0.05
0.525210084033613 0.525641025641026 all 0.2 0.2 0.5 0.5 1000 1 2 0.01 0.05
0.543478260869565 0.544247787610619 all 0.4 0.2 0.5 0.5 1000 1 2 0.01 0.05
0.578703703703704 0.577464788732394 all 0.6 0.2 0.5 0.5 1000 1 2 0.01 0.05
0.595238095238095 0.594202898550725 all 0.8 0.2 0.5 0.5 1000 1 2 0.01 0.05
0.776 0.772357723577236 all 0.9 0.2 0.5 0.5 1000 1 2 0.01 0.05
0.510204081632653 0.510204081632653 all 0 0.2 0.5 0.5 1000 1 6 0.01 0.05
0.531914893617021 0.531914893617021 all 0.2 0.2 0.5 0.5 1000 1 6 0.01 0.05
0.531914893617021 0.531914893617021 all 0.4 0.2 0.5 0.5 1000 1 6 0.01 0.05
0.581395348837209 0.581395348837209 all 0.6 0.2 0.5 0.5 1000 1 6 0.01 0.05
0.625 0.625 all 0.8 0.2 0.5 0.5 1000 1 6 0.01 0.05
0.76 0.76 all 0.9 0.2 0.5 0.5 1000 1 6 0.01 0.05
0.511627906976744 0.511627906976744 all 0 0.2 0.5 0.5 1000 1 5 0.01 0.05
0.523809523809524 0.523809523809524 all 0.2 0.2 0.5 0.5 1000 1 5 0.01 0.05
0.523809523809524 0.523809523809524 all 0.4 0.2 0.5 0.5 1000 1 5 0.01 0.05
0.578947368421053 0.578947368421053 all 0.6 0.2 0.5 0.5 1000 1 5 0.01 0.05
0.594594594594595 0.594594594594595 all 0.8 0.2 0.5 0.5 1000 1 5 0.01 0.05
0.636363636363636 0.636363636363636 all 0.9 0.2 0.5 0.5 1000 1 5 0.01 0.05
